,0,1,2,3,4,5,6,7,8,9
Bobby,0.0,0.0,0.0,0.0,0.0,0.0,0.0,0.0,0.0,0.14941588226574787
Nick2,0.0,0.0,0.0,0.0,0.0,0.12770901313928357,0.0,0.0,0.0,0.0
automotive,0.0,2.520472276333292,0.0,0.0,0.0,0.0,0.0,0.15796355563470194,0.0002829261393130883,0.0
automotive2,0.0,1.0728216074259687,0.0,0.0,0.0,0.0,0.0,0.0,0.0,0.0
commodity,0.0,0.0,0.0,0.0,0.0,0.0,2.1086681740181685,0.0,0.0,0.0
cory,0.14850190245607006,0.14887903451792953,0.0,0.053254437744850586,0.12618381692621475,0.42002810436675236,0.6071436263961043,0.0,0.0,0.5375175310723016
defense,0.0,0.0,0.0,0.0,0.0,1.7908968834633343,0.0,0.0,0.0,0.0
defense2,0.0,0.0,0.0,0.0,0.0,1.1202170417219721,0.0,0.0,0.0,0.0
dev,0.11693139357277932,0.17325003375684578,0.0,0.0,0.0,0.0047024721976739875,0.007755418827192566,0.0,0.0,0.0
dev_new,0.13090548356456042,0.07729960356267257,0.0,0.0,0.0,0.006219603669473277,0.010371862541697204,0.0,0.0,0.0
finance2,0.0,0.0,0.004970832936507938,0.0,0.0,0.0,0.0,2.2788854004021206,0.0,0.0
health,0.0,0.0,0.0,0.0,1.9604791186773782,0.0,0.0,0.0,0.0,0.0
health2,0.0,0.0,0.0,0.0023978409233301632,1.4870163838915236,0.0,0.0,0.010735919096083882,0.0,0.0
popular,1.1108326471950516,0.1180771453478512,0.0,0.0690231774910506,0.16506334687457833,0.0,0.14857853535299106,0.2396250550158005,0.0,0.2950695440722598
popular2,0.0,0.0,0.0,0.0,0.0,0.0,0.0,0.0,0.0,2.482890535217253
realestate,0.0,0.0,2.1127465509879007,0.0,0.0,0.0,0.0,0.0,0.0,0.0
realestate2,0.0,0.0,0.0026460848134068097,0.0,0.0,0.0,0.0,0.0,2.324593810880988,0.0
retail,0.0,0.0,0.0,1.6975515278411606,0.04543849754268829,0.0,0.0,0.0,0.0,0.0
retail2,0.010895224553298067,0.0,0.0,1.2496545328730029,0.0,0.0,0.0,0.0,0.0,0.017246774749232287
tech,1.3564075559002935,0.009710398289597971,0.0,0.0,0.0,0.0,0.0,0.0,0.0,0.0
tech2,0.8024682477036692,0.0,0.0,0.00970932150879436,0.0,0.0,0.0,0.0,0.1303522399804225,0.0
tech3,0.8585439452566287,0.0,0.0,0.005588568241773529,0.0,0.0,0.0,0.0,0.0,0.0
techfinance,0.424537170114763,0.14653294143216386,0.0,0.0,0.0,0.0,0.0,0.5195385953174332,0.0,0.0
test,0.002608534110790616,0.0011855164473793386,0.0,0.0,0.0,3.4557980947581574e-05,0.0,0.0,0.0,0.0
