,0,1,2,3,4,5,6,7,8,9
Bobby,0.0,0.0,0.0,0.0,0.0,0.0,0.0,0.0,0.0,0.14941592657664593
Nick2,0.0,0.0,0.0,0.0,0.0,0.1277090125173102,0.0,0.0,0.0,0.0
automotive,0.0,2.520472274504086,0.0,0.0,0.0,0.0,0.0,0.15796356298001882,0.00028292605343517037,0.0
automotive2,0.0,1.0728216066560545,0.0,0.0,0.0,0.0,0.0,0.0,0.0,0.0
commodity,0.0,0.0,0.0,0.0,0.0,0.0,2.1086682501502056,0.0,0.0,0.0
cory,0.14850190242651912,0.1488790343619819,0.0,0.05325443794903653,0.12618381378329066,0.42002810221814274,0.6071436481059714,0.0,0.0,0.5375176913933901
defense,0.0,0.0,0.0,0.0,0.0,1.7908968747169642,0.0,0.0,0.0,0.0
defense2,0.0,0.0,0.0,0.0,0.0,1.1202170362551933,0.0,0.0,0.0,0.0
dev,0.11693139375493261,0.17325003364320574,0.0,0.0,0.0,0.00470247217951304,0.0077554191174915525,0.0,0.0,0.0
dev_new,0.13090548376637848,0.07729960351950459,0.0,0.0,0.0,0.006219603644185404,0.01037186292718178,0.0,0.0,0.0
finance2,0.0,0.0,0.004970832813738027,0.0,0.0,0.0,0.0,2.278885505960511,0.0,0.0
health,0.0,0.0,0.0,0.0,1.9604790702230237,0.0,0.0,0.0,0.0,0.0
health2,0.0,0.0,0.0,0.0023978409328492324,1.4870163471390208,0.0,0.0,0.010735919573301632,0.0,0.0
popular,1.1108326484299462,0.11807714518444822,0.0,0.06902317779562807,0.16506334281047158,0.0,0.14857854066551787,0.23962506645860102,0.0,0.2950696329201004
popular2,0.0,0.0,0.0,0.0,0.0,0.0,0.0,0.0,0.0,2.4828912718905087
realestate,0.0,0.0,2.112746496867695,0.0,0.0,0.0,0.0,0.0,0.0,0.0
realestate2,0.0,0.0,0.002646084744404971,0.0,0.0,0.0,0.0,0.0,2.324593108642221,0.0
retail,0.0,0.0,0.0,1.6975515352110822,0.0454384964197581,0.0,0.0,0.0,0.0,0.0
retail2,0.01089522456686469,0.0,0.0,1.2496545382976367,0.0,0.0,0.0,0.0,0.0,0.01724677987764887
tech,1.3564075581618438,0.009710398349539611,0.0,0.0,0.0,0.0,0.0,0.0,0.0,0.0
tech2,0.8024682490454845,0.0,0.0,0.009709321567634486,0.0,0.0,0.0,0.0,0.13035220058215752,0.0
tech3,0.8585439467345597,0.0,0.0,0.00558856827733962,0.0,0.0,0.0,0.0,0.0,0.0
techfinance,0.4245371707416671,0.1465329413316852,0.0,0.0,0.0,0.0,0.0,0.5195386194913191,0.0,0.0
test,0.0026085341152163,0.0011855164470623905,0.0,0.0,0.0,3.4557981297055334e-05,0.0,0.0,0.0,0.0
